0
3.6154013073646296
0.18750797792779966
-1.6959646066737224
1.0723724727067663
4.597013565460957
0.8359993439593119
0.7116732757106784
-1.8468622814598403
-1.9897889937309376
2.314817839207694
-1.2964360235390948
3.2273583984441676
0.7481194195919318
-2.085167156256355
-4.208027549771769
-8.636339707897823
1.0252261961628344
1.8946513507804394
0.9185221779942702
2.6843477205759276
1.2951138019782302
-2.1711958875353754
-1.649409331145447
3.2321908340292094
0.2683488328685907
-1.2669473362482444
1.9280717542410024
2.9567566077841994
-5.267629655164537
-1.832715217195663
-1.700564154526088
-0.08894803633308171
-5.386555418551587
0.3391651365333018
-3.421258066651962
3.921048948641266
-4.764443872405685
-1.1001433721132063
-1.6302327536212726
3.0637704842986344
-2.321814022729014
-1.5229472468815481
2.174387227725869
1.5849580492637143
2.6485877833325735
0.2566070638147555
0.2659281749251279
-2.4472389629598004
-6.965656827846232
-0.6329492675445771
-0.28540338642699026
-1.6875584628699576
-0.7794973679256947
1.1542222405737839
-3.3288753135952627
3.1472489909149277
0.8994029591818207
1.669910879364366
-0.10924284609435309
-1.5234849327921203
-2.076112350264359
-2.966435359304829
5.112661484229321
-0.5881293986131813
2.2357865903027108
-0.7563508971310378
-3.801943728087242
0.7561228440397515
-2.9745577762938056
-0.6485174231305659
-3.4986634199399327
-2.526319197906521
-3.176406471096101
-0.11961763257067222
-4.059723310097548
0.9621775261873727
-1.2049989810055137
1.7152137212168892
4.3310500942442625
-2.8909900362343666
3.380093352123857
2.943670580746294
-4.888306363617876
0.5151232884892045
2.070767239531805
1.2968164248292617
0.8029398596218085
1.1523305417919674
-2.775402961643883
-1.6558337127018437
-1.6218816556985964
-0.5806039278228626
1.139715436538827
2.9028643147305506
0.027874652020428235
1.7815209094832825
2.62959414225394
0.35328570448272234
0.13945308448304325
3.8593064836623165
3.890991149835639
-2.7686015798386068
6.656855097051845
6.540700341874702
-3.1675536819208907
1.9478870937897799
2.5127843531743563
-0.20911089438433228
2.2956645138482465
1.9693382847069576
2.803917846414017
-4.7021341453795475
-0.7174316158863768
-2.424757455423416
-2.1141522207845007
3.436955804511569
0.6961491553439264
2.290882838153227
-1.951858478619474
0.8644728309474113
-0.15739400560461894
-0.6589066710299639
1.360166818794714
0.6475180717909683
-0.6504473639223727
-1.0351137170917504
3.0324022457591173
-0.3615965795741784
0.9077243243981373
-0.08552999912764123
2.4396539911718422
-1.5316533504781489
-0.5539283791457752
-2.124538100179682
2.5081502251140737
3.580016117657014
-1.3547364406024678
-1.81343011386492
2.6332918313658356
-4.02066609038161
3.0930842344258607
-5.3137269425943146
2.789853928850981
0.9434331215086091
0.9277840052263571
-1.3519859381120622
2.8003998868125834
4.2219981880814865
1.8788527669446158
2.2388887072625856
-3.6857345688905654
-0.7503960696434709
-0.6468364948516363
-2.3727388025739966
1.39549261993786
1.9905884740353226
-3.893317654479246
-3.4716813916288505
3.916675973138195
-0.6890525535079426
-5.626483327280685
1.64546757737684
2.1909228374612835
-1.2037468106962435
1.085170829492198
-2.482764821258227
-0.7392102382556496
2.454641249831139
3.188181997939412
3.476927564442651
0.9277243921286982
-8.103149788825627
-2.8902130183021892
0.6232572472083024
0.6360583766026602
-4.063576472833951
0.0496806814400914
0.2572259313282385
0.6369235752472152
4.660642603614757
0.3447590362525887
1.6287567379258718
2.1599163019535608
2.712257320806272
0.8533926636056138
2.5566757531216266
-3.1157777510157127
2.520575305255431
-0.7069352510902495
-2.56945514579253
0.01954124312906071
0.8755006817956488
-4.500287178049175
2.086361704099677
-2.404213740523275
2.8419337461783987
-0.454397325142213
-3.484709900153154
-8.252251163891726
2.0853156929959313
-1.8915562922714468
-0.846322170583607
3.0438654477230265
-3.1745985565542063
-2.4600620336327843
-0.4759151288109551
-3.457187289086493
-1.7855376213513083
0.6894749106239906
3.289404836522705
-1.8977019637054737
0.93090061019466
0.6843763177278681
1.1952288217732245
-4.582987370138494
-1.1780146875355688
1.6090284192433972
2.5575404773860813
2.6347753374904066
-3.7454435750129034
4.405083101011042
3.519577119011156
-1.3495494494733669
0.4379700812513381
4.152921491432181
-0.06168187854260094
-0.48799667887947457
0.5966650995281138
2.2909949852414453
-3.1808104824373586
0.26817566060797693
3.5660224505538065
0.07795283701742511
-1.0245601903236927
-1.839465811450228
-7.083231699645771
1.4538586573404138
-2.2384118637977073
3.1986819126399118
-0.8303729936129197
1.5444279537909233
-1.0760411864543893
-1.987528806867312
2.0429888394263713
1.6426952744662793
-2.08277667197666
3.693495358760206
-2.9998145509301466
4.99756553311193
-1.9379650185206285
1.6597573314027472
-2.5690240373354585
-3.218382121294277
1.2595218576565579
-1.5512506882951873
-4.435985494270024
0.4987498751124213
0.6336467429826921
3.227339099608091
-1.268723114695814
0.4650849521578084
1.9214923511319393
3.6808649455498657
2.683965585902055
0.87007872203354
0.6311493952563073
-0.9049253973463462
1.4461047363220778
2.6642763205983155
1.2851606181338775
2.605651134159053
-0.01454995955370536
0.9112656561559607
-3.155112514467859
-2.053286080151576
-0.42987845323866825
0.5083576546742925
0.07158926847450037
1.3817721562056047
2.2654566323622425
-3.2782272747573864
-0.020395633484452953
3.481672141152004
-2.7848476887677998
-2.9586326696246448
1.1032618260530096
2.6479172035808953
2.188419366927822
-0.26864484373067427
-0.4501094767282167
5.008509118166084
-0.8130609106953912
2.475273872281524
0.24505029190248226
1.860195949137359
-0.6442618523196827
-3.5585649797052787
2.90596412073159
0.1282116096366664
3.538908081130345
0.2219341128211046
2.214209084297378
-0.11158346888406478
-3.2814057332537803
0.3469937011434566
1.089301500829552
-0.7566199610857568
0.7893105925654756
-0.2568775885714738
0.7029568314000194
0.26954214124376513
0.22489245917098827
0.6982725853503692
0.917027473282635
0.7723146855133853
0.6844110298051275
0.9468043517285399
0.30886738646815487
-0.09518611839729615
0.337003924790896
0.31003450689202067
-0.5846558188460229
-0.9899269435516094
-0.9878665112815322
-0.6733023242023342
-0.6841838059482633
-0.1582603268075561
0.2195747431650345
0.7963997103966948
0.8894108904477225
0.9546515358817695
0.6323565728262993
0.5858932609105626
0.5113857523761922
0.7400765420496758
-0.9783792555748949
-0.7211163222665795
-0.6481257896338228
-0.7895494219702972
-0.7267839872316989
0.03374136955523267
0.10017305408142177
0.016051512963902073
0.5838752350054611
1.1067595958376508
1.2866885250894855
1.107486709976996
0.8501075225199763
-0.11142038158959532
-0.21098342853469537
1.6427273440738672
1.7543122080895854
0.21772245358658382
0.02503113309776607
0.2762306108113326
0.8085232051730612
0.7171833043484326
0.2754200196814208
-0.2840288370470497
-0.7436155216494956
-0.013146966400867002
-0.22353839600749675
-0.559203819733753
0.7029267687655395
2.5077687211041066
-0.39729671918537224
0.7380576340772923
0.9491839640279978
-0.9206093096596931
2.8198693393384815
-3.0757724026900757
-0.9290107907729799
1.6650610038234621
-0.7916949753865705
-1.5710717609202292
-3.241710086997974
-2.453821575547917
-3.6219526377678037
-2.2747525272927627
-1.8901981942975845
-1.359126751025274
-2.11165230829738
0.9058658390729097
-1.1992707460198127
2.210337169292694
-0.021808362240233664
-0.03894731450738914
-1.4832366326096476
4.59039405585802
4.753075717188164
-0.9186337166739966
-0.12364816080385786
0.7362147105738119
0.4126549888966117
0.17802833567534979
-0.8600998670020547
-1.1342270503604246
-0.03417825979795072
-0.14775706908117267
-1.083305422009502
-0.45106516072800695
-0.33590008423518375
0.8593418317323068
1.0221503302757085
0.8060794153092159
-0.5729826135211685
0.08915681934354383
-0.8597925081306962
-0.6668656422908157
-0.7559524696596109
0.9322085631061285
0.1324851560828486
1.0061621650376245
1.099974811784216
0.6868864192492874
-0.7398594124345551
-1.1637216693437002
-0.9982466312561603
-1.1278783615096908
0.6771094384319127
0.18903931105630964
0.8490039267388798
0.23393100877771544
0.509824299592822
0.3309013161153068
0.12792136675386478
-1.3743696909263456
-1.1585718458617458
0.6440109813515618
0.44589768177277983
0.7051019939905917
0.26899427661382236
0.9344218681674968
0.09673373677561767
0.5477589796011496
1.2266993479583221
0.39394070366406664
-0.37509322936845235
0.7179176249049568
0.5940846267665477
2.001177799653611
2.0414625406252225
0.21502218583211657
0.8677101276366498
0.2182919982326336
-0.2696128592520415
-0.7170132420093536
-0.16895214809026188
0.7911775744337098
-0.04730553817843314
0.03074168494936999
0.17427213469537822
-0.25216170646650454
0.2917472011975525
0.6500031495904097
1.8447320438605253
1.8081654302656613
1.5302731355857697
1.739635931338073
-2.2895630103077367
-0.5575911936837903
-0.3369622471422074
1.7891185804524312
-1.2450814966414756
1.0288357333012033
-0.6001419462901233
0.8092908629883075
0.5158584009037208
0.6801959776032939
0.2485902064335731
1.2150531185588334
-1.3227508065069884
-1.2323205553734053
-0.4330524829240531
-0.5023615128040513
-0.4744660903063648
0.9535772819776991
-0.6437178144370383
0.9389995729503751
0.7995682659722488
0.9023539784479022
-0.2007507584495361
-0.8715272047561093
-0.09049482939025817
0.2920285996386465
-0.3133911026266103
-1.070148093950878
0.3263677968973192
-1.2265880433801368
0.7479458435819623
-0.7783438780020928
-0.8014947570579676
0.11745182218297524
0.7966543701147768
0.8452708298528441
0.15623216912562637
0.1621846217880457
0.19711109857363038
0.05180881229416895
0.3411215575892388
-1.208535540336299
-1.086231220024123
0.6818803750978099
0.8227693098697485
0.14392718808527882
0.780382341330022
0.6242935221635902
0.5898320269390098
1.135094717455467
1.7339405220190935
1.5925082693312693
1.2242817794645862
0.367022277433635
0.23418179518547372
0.3187524705713622
0.05018735552856447
1.0537430864912627
-0.8545236993685859
0.13466959672917028
-1.0169197672405024
-0.3121502508666819
-0.3542469893227952
0.16738535670072394
0.7993663592785942
0.9869983237216968
-0.4033631505456453
-0.4325307887067606
0.20354893925477013
0.25264473851801006
0.37898833355286754
-0.001975051563889191
0.1546318391071793
0.09765854940250401
-0.1909509936374127
0.04630085600389137
-0.07907116555061806
0.16081004641859933
0.08345976259067432
-0.23188724855352888
-0.08598937579074079
-0.2250959131808132
0.5889407838724305
-0.3376314829588028
0.47142544445623175
0.39368089226868963
-0.03170880049386127
0.41832577152835637
-0.41979366208259283
-0.5625409956823951
0.2623178213534182
-0.2005299214393374
1.091932225388125
-0.98056997110138
-0.4441740556379195
-0.9556508096499436
1.0149465540132643
0.8915839835205327
-0.1144628340359243
0.0863211435068479
0.5547054746807017
0.11797800327287572
0.8487609224347753
1.3371667663459794
-0.13991606688386346
-0.03348177240531591
1.067802511904429
0.21066844858931733
0.2994296069990007
0.896202451458111
-0.734347566877537
0.8021192271227071
-1.0840809082696108
0.3191980437538564
0.7514586539405058
-0.388691272195143
-0.14536859550876557
0.6718533332393822
0.7782489687723649
0.772070928622444
-0.879601309352517
0.12104739164860964
0.10049719332688306
0.7903415455088688
-2.3564797028895628
0.8576699629103168
-2.1402508097984763
0.4900656333114723
-0.3911210821642609
0.4711834035663674
0.40927170284901687
0.3933572417931728
-1.4958259467410617
-1.7761961721183808
0.686929091403882
-1.179242861765573
-0.20177391211819518
-0.2538023534157675
0.5148103680418082
0.9825837843189538
0.8059655676033658
-0.22331788056938962
-0.8127783944391174
-0.12602688499079584
1.5838990980289835
0.5361956680154674
0.4952889124330561
-0.5263317539846912
0.6192011541193203
0.7447525725833996
0.326890871229369
-0.32704570235713054
0.022109406156730516
-0.03960410609805821
-0.3737069782042281
0.043655853479798445
-1.3318172827766612
-1.652810263535105
-0.7965779676190788
-0.3490753667375232
-1.889716731715672
0.6309334586047591
0.060569256420264894
0.15852122944421726
-1.5837014030997663
1.1356904296909762
1.1838935774984556
0.340119050802919
-0.04112877697758319
0.8483749095102754
1.1245577513742935
0.48630639707250617
0.8104101397001592
1.0293005394689518
0.483200002738734
-0.3563742579152098
-0.5647570804879722
-0.14557300632605752
-0.22411202950975256
0.6409930522579321
1.0914573709920836
0.857621805561795
1.0913888101902884
-0.5497539929624802
-0.9755993480162338
-1.1479269977428466
-0.40609744854155816
-1.0516298686658796
0.6464238428859493
0.6668279795735695
0.35378910609575215
0.43436187985758784
0.04830431508202543
0.14828850442414634
0.07680729084487639
-1.3163766368773755
-0.603623622381132
-0.057774153903896446
-1.0922847898340113
0.9931600598254477
0.6688700241761762
0.31509826289883586
0.40116741804891753
-2.0904706154577397
0.14804029818508752
1.570720903536691
-0.03428176080768092
5.66143562861872
4.7666749407537585
5.364022227997921
5.5137357081334155
-3.245392013134995
3.8668465043275253
-2.8161435406259008
1.9153090896656355
2.03190911340206
-10.045765756679863
-1.3850537820966666
-2.2150994018238066
-2.1432975948276947
-1.1400300956094536
-2.1460821884632035
5.330131206748736
5.5514429667481
-0.5999795457430999
-1.872144472778646
5.363174616904439
1.525102584320629
1.467042367327054
1.4555095855258904
-0.8709004242087418
5.673121138192338
2.9070681892677
-3.14128980090201
3.346706708917125
3.8020891318555208
5.376214340196672
5.505490197636129
3.60590306713167
-0.37278829078732234
-2.744627115908844
3.236465333574009
-0.48869396372244067
0.9588193981313903
0.7663037019837937
-4.0057239449847035
-0.0838442074798187
-0.05122431436646083
-0.11181262489619968
0.6810019487255423
0.7276892996304515
0.8759825172477131
1.066781636402893
0.7467588124870859
-0.6713027707089322
-0.21207007097887814
-0.4614790240375054
-1.0864387231902402
-0.34094548230320976
0.3248921942964927
-0.21460090199205417
0.8811314316067607
0.7485229547800669
1.0114617586788985
0.7002613689609256
0.6495670012296729
-0.4633330420875795
-1.0212097683617203
-0.19004127526608536
-0.7446534885154885
-0.7654618179514654
0.19076091185214783
0.6897927261002256
0.7393439523296838
0.8149402901515598
-0.4167271307896303
0.4635278217035953
-0.7956319657650813
-0.9279505216279527
-1.0587228832731963
-0.12372981039760052
-0.5375957064578738
-0.4207260856772409
0.3244901915348759
-0.354410419916805
1.2649578636592889
1.1403986011890501
3.0985692181323556
2.5235921294374846
-0.7895205923070019
-0.8125811424038751
2.2006177502983615
-0.7416543726576554
1.017097905982646
-4.118924118934739
-2.623980826664466
-2.9239093100253157
1.3287839272888124
1.6613442206868243
0.9964849404347994
3.230527490045646
-2.790513316558015
-2.8552111490790484
-2.967846404657701
-3.187221285116865
0.851259929771646
0.07991936990259045
0.9525239626336922
-0.33149378744935326
-0.20732340768234203
0.7907350547295273
0.051948095144054574
-0.06226626223829457
3.051203654897207
-0.8961188368574377
1.0948280606281415
-0.40168786256708355
-0.39099930358480545
-0.6740328288822679
-0.8618955324772767
-0.7926937728083925
-2.100010924320701
-3.1614795225695103
-0.33519476578342206
1.144675175685119
-0.2617999856272314
-0.5063030840281618
-0.16386243670603434
0.5830008079372621
-0.3413550994136668
-0.7971186962756281
-0.4538731044712208
0.34882360635537923
0.36042822150519926
-0.6936119856173276
-0.644725151939891
-0.5527842846685981
-0.6994402670796546
-0.7562329395476856
-0.8120647017209038
0.4123343601721999
0.7263816433472728
-1.044072138105947
-0.9079202040944832
0.8492964464234013
-0.2996650086882805
0.8869308411965673
-0.8683942420400219
0.8748842622885477
-0.7004077129361574
0.2585358116008073
3.5914473046595634
2.1602675100165136
3.1966926896526644
-0.9202629465878485
-2.1899451505713556
0.5926698559210909
-0.5980911753159859
-0.46796604380485307
-6.198179658990969
3.4798625788043283
-1.7272361025029337
-2.120716663775703
-1.3262826407532013
1.0671495164695601
-0.5445464680494431
-2.878811498515025
2.877797122643973
-3.6998013679608444
2.0012309053215533
4.992274278412476
0.5919820634286809
0.8086477987306486
-2.2522540880905053
-1.5957215092777364
0.17281938043937844
1.7313769190724608
0.8208627190349163
2.054861621923376
0.40907470523882067
4.485031567143556
-1.6972932696631218
1.6388118255274444
0.6515086030980691
2.336347761741232
2.3009183372027366
3.378581395031684
-0.4981240963471415
0.09206369862893543
3.0609142486099525
0.862504934881438
0.5262939269827336
-1.156331005013652
-2.4266193880368645
-0.984227108492516
-2.123078228147876
-1.3688008299694472
-0.5473220321128477
-1.9710467716567222
1.4970884980017745
-0.14762761533328728
2.180097124791201
-4.075473564097024
-0.6121008230544844
1.0041402295676758
-1.8190580131525398
2.2781828682280945
-4.804262782941321
3.9063947627355335
1.594714590304481
-0.26229121322274024
-0.5350420679251274
0.8335882194432371
-0.7134988801759762
-0.32110785509771866
4.196997366866973
4.15686788722908
-4.358918778137219
2.323888564935179
-0.40700927321767766
0.8371452969723672
0.327359069058612
1.0899105762004628
0.7601760982036574
4.173293355877593
-1.592116788256334
3.4966332537617903
2.377947877517953
-3.787266548322833
-0.09849347791290103
3.2467632915317375
0.9922909735369053
7.7903236564285265
0.011059400028980246
-3.0189818240271156
0.006806553306761914
0.31140737306467864
-3.3945582766568068
-0.6305837430861158
-2.5657564348233723
-2.7756358146262334
0.919234201327226
-0.36118654640501857
-1.3762236283775895
1.077857785637448
0.3479474237835054
-0.6720757976860657
1.2006364131893257
0.12039918572188985
-6.987254193114062
-2.511853218445459
1.7969270510177175
0.6680929966138126
-4.466018828125332
-1.1365493871193038
-4.005100989038386
0.9832016972458487
2.3520471451731035
1.7633423262205916
-1.7128177117579744
-0.11892361491124512
-0.8312461265140322
-1.0298657807857172
-0.24221161580628542
0.7353396274431508
0.8442142575405471
0.3645923344451361
-0.7576748842693867
0.5876873806705146
-1.1467682394825
-0.9990573759128352
-1.189902035787776
-0.2010910718327462
-1.3754249010342154
0.04220607440977338
0.44010386825734915
0.2852513699254113
0.16019321103135237
0.5536921047933816
-0.5409761600184118
-0.6601342397955295
0.04618783763283898
0.04716360569267881
-0.3392603485508737
-0.09472892321411562
1.1681267390825567
-0.9217306820748752
0.8732598018343426
-1.2146878073548326
0.7051043111639556
0.644692323712395
-0.39239287209196616
0.6494890883653319
-0.366986988598171
0.017275528085247488
-0.4256076161087695
0.4649204854502741
-0.4012862515088629
0.4036692025939368
0.44739712199072335
-0.5849654485409224
-0.20121448709233528
-0.4243231418669221
-0.0767189396074877
0.47833831831202756
-0.08633467483015375
0.04501554196287934
0.08428491014248177
-0.1210788948687075
-0.23135797462652632
-1.5279425080401272
-1.6660764595942557
-0.6598608409336072
0.9600568171088892
-0.0006436561474823417
0.48708485333612506
0.5946382768897682
0.6653026830425449
0.8840095056950017
0.6527205180127502
0.7455941549989002
1.0314642178731945
0.8639141607587474
0.586745145602823
0.8931649945935823
0.93710326892542
0.48103273806007923
0.6996263146244424
0.046767919913580557
-0.6331637606025524
-0.3442994124155872
-1.164127662976636
-0.8192126404437502
-0.8153858883340759
-1.0579748635487916
-1.0643238065331755
-0.20659647105098736
-0.6308913537285961
-0.22075009543182134
-0.04766201631704817
-0.03993751799531972
